-0.153069623586805010 -0.118959393761519640 
-0.153069623586805090 -0.118959393761519790 
-0.048938298948294962 0.101529455944851950 
-0.338877132487440780 -0.208396094381157750 
-0.045825213310724762 -0.038267946352831698 
-0.122543931569940080 -0.092705590641044500 
-0.123277794025828570 -0.070669386555961236 
-0.048938298948294878 0.101529455944851990 
-0.280224386702273120 0.446873602353090150 
-0.198894836897529710 -0.157227340114351300 
-0.229788341846020510 -0.173397038049732610 
-0.074934311683781299 0.138860621015758330 
-0.121526150347868720 0.219653082223326800 
-0.153069623586804840 -0.118959393761519640 
-0.153069623586805010 -0.118959393761519590 
-0.076718718259215668 -0.054437644288213072 
-0.123277794025828560 -0.070669386555961305 
-0.205290075018491720 0.308012981337331630 
-0.185807508900635800 -0.089436700619638210 
-0.074934311683781341 0.138860621015758330 
-0.048938298948294795 0.101529455944852060 
-0.123277794025828470 -0.070669386555961194 
-0.309085302926464410 -0.160106087175599380 
-0.269571433571258840 -0.001076801505633255 
-0.045825213310724984 -0.038267946352831893 
-0.309085302926464300 -0.160106087175599460 
-0.245398760979944670 0.460043159183937340 
-0.048938298948294753 0.101529455944852100 
-0.262526227159851020 -0.143874344907851030 
-0.123277794025828790 -0.070669386555961514 
-0.121526150347868790 0.219653082223326720 
-0.121526150347868930 0.219653082223326610 
