-0.008161795646837456 0.053075840921106884 
-0.008161795646837463 0.053075840921106884 
-0.003699506709725277 0.001562715640348198 
-0.008161795646837477 0.053075840921106884 
-0.008161795646837448 0.053075840921106905 
-0.005766531881733948 0.010635815789718107 
-0.005766531881733957 0.010635815789718117 
-0.043310223857131153 -0.011717253898598791 
-0.011533063763467967 0.021271631579436203 
-0.011533063763467967 0.021271631579436196 
-0.005766531881733961 0.010635815789718096 
-0.043310223857131139 -0.011717253898598732 
-0.008161795646837448 0.053075840921106864 
-0.001343889829923143 0.002031268332274754 
-0.000002799044865670 0.000006685538272547 
-0.069099853742265474 0.106632959373681210 
-0.013928327528571476 0.063711656710824988 
-0.007399013419450660 0.003125431280696308 
-0.043310223857131180 -0.011717253898598781 
-0.051472019503968666 0.041358587022508095 
-0.005766531881733964 0.010635815789718107 
-0.014798026838901359 0.006250862561392587 
-0.003699506709725331 0.001562715640348154 
-0.000002799044865691 0.000006685538272527 
-0.043310223857131187 -0.011717253898598781 
-0.086620447714262375 -0.023434507797197583 
-0.008161795646837449 0.053075840921106905 
-0.003699506709725312 0.001562715640348139 
-0.001343889829923131 0.002031268332274759 
-0.057238551385702663 0.051994402812226219 
-0.005766531881733975 0.010635815789718100 
-0.008161795646837441 0.053075840921106905 
-0.073456160821537400 0.477682568289962030 
-0.008161795646837446 0.053075840921106898 
-0.023066127526935914 0.042543263158872392 
-0.002092049862244596 0.002122250828684171 
-0.000002799044865706 0.000006685538272537 
-0.086620447714262402 -0.023434507797197583 
-0.008161795646837481 0.053075840921106884 
-0.001343889829923106 0.002031268332274769 
-0.003699506709725344 0.001562715640348149 
-0.000002799044865676 0.000006685538272547 
-0.002092049862244617 0.002122250828684151 
-0.040808978234187408 0.265379204605534380 
-0.043310223857131194 -0.011717253898598776 
-0.008161795646837467 0.053075840921106898 
-0.005766531881733969 0.010635815789718102 
-0.004184099724489244 0.004244501657368342 
-0.018497533548626700 0.007813578201740737 
-0.002092049862244598 0.002122250828684191 
-0.002092049862244638 0.002122250828684166 
-0.043310223857131194 -0.011717253898598781 
-0.003699506709725335 0.001562715640348149 
-0.017299595645201959 0.031907447369154289 
-0.011533063763467931 0.021271631579436193 
-0.002092049862244615 0.002122250828684171 
-0.044654113687054346 -0.009685985566324041 
-0.043310223857131180 -0.011717253898598781 
-0.086620447714262305 -0.023434507797197524 
-0.043310223857131153 -0.011717253898598732 
-0.003699506709725323 0.001562715640348159 
-0.050709237276581873 -0.008591822617902492 
-0.043310223857131180 -0.011717253898598781 
-0.043310223857131187 -0.011717253898598781 
-0.259861343142787190 -0.070303523391592682 
-0.002092049862244648 0.002122250828684154 
-0.011533063763467952 0.021271631579436203 
-0.089779752115212400 0.583834250132175710 
-0.043310223857131187 -0.011717253898598781 
-0.001346688874788868 0.002037953870547263 
-0.043310223857131153 -0.011717253898598770 
-0.016323591293674937 0.106151681842213750 
-0.008161795646837458 0.053075840921106884 
-0.003699506709725319 0.001562715640348159 
-0.000002799044865700 0.000006685538272517 
-0.005766531881733932 0.010635815789718107 
-0.007399013419450673 0.003125431280696288 
-0.014798026838901374 0.006250862561392608 
-0.003699506709725317 0.001562715640348139 
-0.005766531881733960 0.010635815789718107 
-0.007399013419450679 0.003125431280696294 
-0.043310223857131167 -0.011717253898598762 
-0.003699506709725340 0.001562715640348152 
-0.043310223857131187 -0.011717253898598783 
-0.043310223857131139 -0.011717253898598770 
-0.043310223857131160 -0.011717253898598770 
-0.043310223857131173 -0.011717253898598800 
-0.005043396539648490 0.003593983972622903 
-0.007399013419450681 0.003125431280696298 
-0.003699506709725324 0.001562715640348159 
-0.003699506709725304 0.001562715640348159 
-0.016323591293674972 0.106151681842213770 
-0.003699506709725341 0.001562715640348152 
-0.005766531881733979 0.010635815789718100 
-0.008161795646837448 0.053075840921106905 
-0.004184099724489267 0.004244501657368323 
-0.043310223857131180 -0.011717253898598791 
-0.043310223857131187 -0.011717253898598781 
-0.008368199448978562 0.008489003314736674 
-0.005766531881733970 0.010635815789718102 
-0.005766531881733948 0.010635815789718088 
-0.003699506709725343 0.001562715640348144 
-0.003699506709725319 0.001562715640348120 
-0.008161795646837477 0.053075840921106884 
-0.015232570473193293 0.022834347219784369 
-0.027250227251425192 0.046787764816240709 
-0.000005598089731407 0.000013371076544996 
-0.008161795646837482 0.053075840921106884 
-0.003699506709725285 0.001562715640348198 
-0.005766531881733955 0.010635815789718088 
-0.002092049862244625 0.002122250828684161 
-0.303171566999918320 -0.082020777290191471 
-0.002687779659846279 0.004062536664549508 
-0.043310223857131201 -0.011717253898598781 
-0.005766531881733966 0.010635815789718096 
-0.005766531881733952 0.010635815789718117 
-0.001343889829923108 0.002031268332274769 
-0.005766531881733931 0.010635815789718107 
-0.043310223857131167 -0.011717253898598791 
-0.000002799044865692 0.000006685538272537 
-0.030176549238593021 0.055210347280865282 
-0.008161795646837470 0.053075840921106884 
-0.011533063763467950 0.021271631579436203 
-0.002092049862244594 0.002122250828684171 
-0.043310223857131153 -0.011717253898598791 
-0.005766531881733952 0.010635815789718107 
-0.003699506709725303 0.001562715640348169 
-0.043310223857131173 -0.011717253898598791 
-0.043310223857131187 -0.011717253898598781 
-0.216551119285655960 -0.058586269492993892 
-0.008161795646837469 0.053075840921106884 
-0.002092049862244639 0.002122250828684157 
-0.005766531881733946 0.010635815789718107 
-0.003699506709725336 0.001562715640348149 
-0.003699506709725329 0.001562715640348149 
-0.002092049862244643 0.002122250828684163 
-0.005766531881733974 0.010635815789718096 
-0.086620447714262347 -0.023434507797197562 
-0.045402273719375823 -0.009595003069914624 
-0.003699506709725302 0.001562715640348159 
-0.065400347032540135 0.105070243733333110 
-0.008161795646837479 0.053075840921106884 
-0.043310223857131146 -0.011717253898598770 
-0.043310223857131153 -0.011717253898598751 
-0.008161795646837469 0.053075840921106864 
-0.005766531881733976 0.010635815789718096 
-0.003699506709725326 0.001562715640348154 
-0.000002799044865698 0.000006685538272517 
-0.003699506709725323 0.001562715640348139 
-0.003699506709725328 0.001562715640348159 
-0.003699506709725309 0.001562715640348169 
-0.007399013419450655 0.003125431280696298 
-0.005766531881733969 0.010635815789718102 
-0.043310223857131194 -0.011717253898598781 
-0.043310223857131173 -0.011717253898598781 
-0.011861302356562820 0.054638556561455033 
-0.000002799044865689 0.000006685538272537 
-0.043310223857131180 -0.011717253898598800 
-0.003699506709725342 0.001562715640348148 
-0.090319954423987742 -0.021871792156849427 
-0.043310223857131160 -0.011717253898598770 
-0.002092049862244650 0.002122250828684153 
-0.008161795646837441 0.053075840921106905 
-0.173240895428524750 -0.046869015594395123 
-0.005375559319692570 0.008125073329099024 
-0.003699506709725323 0.001562715640348139 
-0.003699506709725331 0.001562715640348149 
-0.000002799044865691 0.000006685538272537 
-0.049076755738865122 -0.001081438108880664 
-0.004184099724489269 0.004244501657368313 
-0.043310223857131187 -0.011717253898598762 
-0.005766531881733966 0.010635815789718102 
-0.003699506709725314 0.001562715640348169 
-0.003699506709725309 0.001562715640348159 
-0.004184099724489261 0.004244501657368323 
-0.043310223857131187 -0.011717253898598791 
-0.150929773926320900 -0.001681598686293882 
-0.000002799044865658 0.000006685538272547 
-0.003699506709725345 0.001562715640348150 
-0.003699506709725295 0.001562715640348159 
-0.006276149586733896 0.006366752486052513 
-0.005766531881733938 0.010635815789718107 
-0.007399013419450676 0.003125431280696306 
-0.043310223857131167 -0.011717253898598786 
-0.008161795646837469 0.053075840921106898 
-0.000002799044865684 0.000006685538272527 
-0.003699506709725340 0.001562715640348152 
-0.003699506709725295 0.001562715640348179 
-0.034164647656111956 0.047231410079916845 
-0.008161795646837453 0.053075840921106884 
-0.043310223857131180 -0.011717253898598770 
-0.011098520129175997 0.004688146921044438 
-0.002092049862244610 0.002122250828684171 
-0.043310223857131160 -0.011717253898598791 
-0.216551119285655960 -0.058586269492993871 
-0.001343889829923135 0.002031268332274749 
-0.043310223857131167 -0.011717253898598791 
-0.003699506709725331 0.001562715640348154 
-0.008368199448978592 0.008489003314736638 
-0.002092049862244611 0.002122250828684151 
-0.003699506709725319 0.001562715640348159 
-0.032647182587349916 0.212303363684427590 
-0.008161795646837460 0.053075840921106877 
-0.086620447714262402 -0.023434507797197562 
-0.043310223857131160 -0.011717253898598770 
-0.003699506709725295 0.001562715640348179 
-0.008161795646837451 0.053075840921106864 
-0.003699506709725314 0.001562715640348159 
-0.056515416043617185 0.044952570995131010 
-0.003699506709725333 0.001562715640348154 
-0.008742903249373801 0.005156699612971067 
-0.000002799044865712 0.000006685538272534 
-0.003699506709725313 0.001562715640348179 
-0.020999102354927298 0.033470163009502452 
-0.003699506709725287 0.001562715640348198 
-0.480111969138168340 -0.127327077244238450 
-0.043310223857131187 -0.011717253898598781 
-0.096126133191023047 0.031672601456184057 
-0.002092049862244646 0.002122250828684151 
-0.007110421711657098 0.012667084121992847 
-0.027856655057142951 0.127423313421649980 
-0.005766531881733980 0.010635815789718102 
-0.051168805601109806 0.001040812719803478 
-0.003699506709725336 0.001562715640348154 
-0.043310223857131160 -0.011717253898598791 
-0.086620447714262333 -0.023434507797197541 
-0.007399013419450631 0.003125431280696357 
-0.043310223857131187 -0.011717253898598777 
-0.043310223857131173 -0.011717253898598791 
-0.003699506709725320 0.001562715640348149 
-0.002092049862244580 0.002122250828684210 
-0.001343889829923118 0.002031268332274769 
-0.003699506709725307 0.001562715640348159 
-0.003699506709725322 0.001562715640348159 
-0.043310223857131173 -0.011717253898598762 
-0.005766531881733942 0.010635815789718107 
-0.003699506709725340 0.001562715640348153 
-0.001343889829923146 0.002031268332274751 
-0.003699506709725335 0.001562715640348154 
-0.001343889829923122 0.002031268332274769 
-0.189261272819340910 0.018964891945114019 
-0.002687779659846263 0.004062536664549517 
-0.003699506709725339 0.001562715640348151 
-0.009466038591459308 0.012198531430066255 
-0.005766531881733946 0.010635815789718117 
-0.086620447714262333 -0.023434507797197551 
-0.003699506709725314 0.001562715640348139 
-0.003699506709725315 0.001562715640348159 
-0.000002799044865706 0.000006685538272517 
-0.094782243361099833 0.029641333123909323 
-0.001343889829923149 0.002031268332274753 
-0.000002799044865678 0.000006685538272508 
-0.043310223857131201 -0.011717253898598781 
-0.043310223857131208 -0.011717253898598774 
-0.043310223857131180 -0.011717253898598781 
-0.023066127526935910 0.042543263158872399 
-0.049871408648898510 0.129557819781408350 
-0.000002799044865686 0.000006685538272547 
-0.138092467218231070 0.017924079225310554 
-0.002092049862244616 0.002122250828684151 
-0.012193465136606945 0.059169645917931134 
-0.004031669489769412 0.006093804996824266 
-0.001343889829923136 0.002031268332274754 
-0.003699506709725329 0.001562715640348149 
-0.002092049862244619 0.002122250828684171 
-0.016323591293674930 0.106151681842213770 
-0.043310223857131187 -0.011717253898598791 
-0.005766531881733925 0.010635815789718107 
-0.003699506709725326 0.001562715640348154 
-0.003699506709725304 0.001562715640348159 
-0.090319954423987700 -0.021871792156849403 
-0.043310223857131167 -0.011717253898598781 
-0.003699506709725295 0.001562715640348198 
-0.129930671571393600 -0.035151761695796334 
-0.007399013419450678 0.003125431280696316 
-0.007399013419450692 0.003125431280696301 
-0.005375559319692553 0.008125073329099015 
-0.034739232449594599 0.214425614513111650 
-0.008161795646837488 0.053075840921106884 
-0.129930671571393510 -0.035151761695796362 
-0.043310223857131160 -0.011717253898598810 
-0.043310223857131167 -0.011717253898598791 
-0.003699506709725327 0.001562715640348154 
-0.003699506709725324 0.001562715640348159 
-0.001343889829923128 0.002031268332274749 
-0.003699506709725282 0.001562715640348179 
-0.043310223857131160 -0.011717253898598776 
-0.043310223857131139 -0.011717253898598751 
-0.002687779659846250 0.004062536664549537 
-0.005766531881733967 0.010635815789718093 
-0.043310223857131187 -0.011717253898598781 
-0.000002799044865696 0.000006685538272527 
-0.003699506709725307 0.001562715640348179 
-0.043310223857131201 -0.011717253898598776 
-0.003699506709725308 0.001562715640348159 
-0.008161795646837474 0.053075840921106884 
-0.001343889829923134 0.002031268332274749 
-0.043310223857131187 -0.011717253898598770 
-0.086620447714262416 -0.023434507797197562 
-0.249935763897211370 0.075112813918299118 
-0.043310223857131153 -0.011717253898598762 
-0.010253845509082128 0.055198091749791039 
-0.008161795646837448 0.053075840921106898 
-0.011098520129175981 0.004688146921044458 
-0.003699506709725304 0.001562715640348159 
-0.003699506709725328 0.001562715640348149 
-0.043310223857131167 -0.011717253898598781 
-0.004184099724489288 0.004244501657368317 
-0.216551119285655900 -0.058586269492993850 
-0.011533063763467940 0.021271631579436175 
-0.051472019503968638 0.041358587022508116 
-0.003699506709725335 0.001562715640348144 
